0
0;4;1
0;3;5;2
0;3
0;4
0;3;5
0;10;7;1;4;5;3;6
0;10;7
0;10;7;1;4;5;2;8
0;10;7;1;4;5;2;9
0;10
1;4;5;3;0
1
1;4;5;2
1;4;5;2;8;6;3
1;7;10;0;4
1;4;5
1;4;0;3;6
1;7
1;4;5;2;8
1;4;5;2;9
1;4;0;10
2;8;6;3;0
2;5;4;1
2
2;8;6;3
2;8;6;3;5;4
2;5
2;8;6
2;8;6;3;5;4;1;7
2;9;8
2;9
2;5;3;0;10
3;0
3;0;4;1
3;5;2
3
3;0;4
3;6;8;2;5
3;6
3;0;10;7
3;6;8
3;6;8;9
3;0;10
4;0
4;1
4;5;2
4;1;7;10;0;3
4
4;5
4;1;7;10;0;3;6
4;1;7
4;5;2;8
4;1;7;10;0;3;6;8;9
4;1;7;10
5;3;0
5;4;1
5;3;6;8;9;2
5;3
5;3;0;4
5
5;3;6
5;4;1;7
5;2;8
5;2;9
5;3;0;10
6;3;0
6;3;0;4;1
6;8;2
6;3
6;3;5;4
6;3;5
6
6;3;5;4;0;10;7
6;8
6;8;9
6;3;0;10
7;10;0
7;1
7;1;4;5;2
7;10;0;3
7;1;4
7;1;4;5
7;10;0;3;6
7
7;1;4;5;2;8
7;1;4;5;2;9
7;10
8;6;3;0
8;2;5;4;1
8;9;2
8;6;3
8;2;5;4
8;2;5
8;6
8;2;5;4;1;7
8
8;9
8;6;3;0;10
9;2;5;3;0
9;2;5;4;1
9;2
9;2;5;4;0;3
9;2;5;4
9;2;5
9;8;6
9;8;6;3;0;10;7
9;8
9
9;2;5;3;0;10
10;0
10;7;1
10;0;3;5;2
10;0;3
10;0;4
10;0;4;5
10;0;3;6
10;7
10;0;3;6;8
10;0;3;5;2;9
10
